GUI|ACSII|TPosX|TPosY|Width|Heigth|XOffSet|YOffSet
91
/////////////////////////////////////////////
$StartDec
$Name|GUIFont
$Size|256
|32|0|240|6|1|0|0
!|33|249|22|4|21|0|0
"|34|246|168|8|8|0|-25
#|35|161|71|16|21|0|0
$|36|193|0|14|23|0|0
%|37|54|27|22|21|0|0
&|38|0|72|17|21|0|0
'|39|83|192|4|8|0|-25
(|40|135|0|7|26|0|5
)|41|143|0|7|26|0|5
*|42|72|192|10|9|0|-20
+|43|0|192|14|14|0|-5
,|44|88|192|4|7|0|5
-|45|246|148|8|3|0|-15
.|46|133|191|4|3|0|0
/|47|246|66|9|21|0|0
1|49|246|110|8|20|0|0
2|50|231|111|14|20|0|0
3|51|75|138|14|20|0|0
4|52|200|115|15|20|0|0
5|53|0|138|14|20|0|0
6|54|15|138|14|20|0|0
7|55|30|138|14|20|0|0
8|56|45|138|14|20|0|0
9|57|60|138|14|20|0|0
0|48|216|114|14|20|0|0
:|58|241|168|4|15|0|0
;|59|183|137|4|19|0|0
<|60|15|192|14|14|0|0
=|61|57|192|14|9|0|0
>|62|30|192|14|14|0|0
?|63|75|116|14|21|0|0
@|64|0|0|26|27|0|0
A|65|0|50|19|21|0|0
B|66|68|94|16|21|0|0
C|67|176|49|18|21|0|0
D|68|90|71|17|21|0|0
E|69|119|93|16|21|0|0
F|70|30|116|14|21|0|0
G|71|40|50|19|21|0|0
H|72|102|93|16|21|0|0
I|73|195|115|4|21|0|0
J|74|162|115|12|21|0|0
K|75|108|71|17|21|0|0
L|76|1|116|14|21|0|0
M|77|187|26|20|21|0|0
N|78|126|71|17|21|0|0
O|79|208|23|20|21|0|0
P|80|17|94|16|21|0|0
Q|81|208|0|20|22|0|0
R|82|214|45|18|21|0|0
S|83|18|72|17|21|0|0
T|84|36|72|17|21|0|0
U|85|229|67|16|21|0|0
V|86|80|49|19|21|0|0
W|87|0|28|27|21|0|0
X|88|195|48|18|21|0|0
Y|89|233|44|18|21|0|0
Z|90|72|71|17|21|0|0
[|91|159|0|6|26|0|2
\|92|246|88|9|21|0|0
]|93|166|0|6|26|0|2
^|94|45|192|11|11|0|0
_|95|115|191|17|3|0|0
`|96|108|191|6|5|0|0
a|97|31|159|14|16|0|0
b|98|186|93|14|21|0|0
c|99|133|157|13|16|0|0
d|100|201|92|14|21|0|0
e|101|16|159|14|16|0|0
f|102|175|115|9|21|3|0
g|103|216|92|14|21|0|8
h|104|120|115|13|21|1|0
i|105|190|115|4|21|0|0
j|106|151|0|7|26|0|0
k|107|134|115|13|21|0|0
l|108|185|115|4|21|0|0
m|109|188|137|21|16|0|0
n|110|119|158|13|16|0|0
o|111|230|135|15|16|0|0
p|112|0|116|14|21|0|8
q|113|45|116|14|21|0|8
r|114|246|131|8|16|0|0
s|115|105|158|13|16|0|0
t|116|120|137|8|20|0|0
u|117|109|175|13|15|0|0
v|118|50|176|14|15|0|0
w|119|181|157|20|15|0|0
x|120|65|176|14|15|0|0
y|121|105|137|14|20|0|8
z|122|80|176|14|15|0|0
{|123|115|0|9|26|0|0
}|125|125|0|9|26|0|0
~|126|93|192|14|6|0|0
$StopDec
А|1040|60|49|19|21|0|0
Б|1041|85|93|16|21|0|0
В|1042|34|94|16|21|0|0
Г|1043|60|116|14|21|0|0
Д|1044|173|0|19|25|0|0
Е|1045|51|94|16|21|0|0
Ё|1046|229|0|26|21|0|0
charid=1047|170|93|15|21|0|0
charid=1048|0|94|16|21|0|0
charid=1049|98|0|16|26|0|0
charid=1050|231|89|14|21|0|0
charid=1051|144|71|16|21|0|0
charid=1052|145|27|20|21|0|0
charid=1053|212|70|16|21|0|0
charid=1054|166|27|20|21|0|0
charid=1055|195|70|16|21|0|0
charid=1056|178|71|16|21|0|0
charid=1057|119|49|18|21|0|0
charid=1058|54|72|17|21|0|0
charid=1059|100|49|18|21|0|0
charid=1060|229|22|19|21|0|0
charid=1061|138|49|18|21|0|0
charid=1062|79|0|18|26|0|0
charid=1063|136|93|16|21|0|0
charid=1064|77|27|22|21|0|0
charid=1065|31|0|24|26|0|0
charid=1066|100|27|22|21|0|0
charid=1067|123|27|21|21|0|0
charid=1068|153|93|16|21|0|0
charid=1069|20|50|19|21|0|0
charid=1070|28|28|25|21|0|0
charid=1071|157|49|18|21|0|0
charid=1072|61|159|14|16|0|0
charid=1073|90|115|14|21|0|0
charid=1074|123|175|13|15|0|0
charid=1075|231|169|9|15|0|0
charid=1076|151|137|16|19|0|0
charid=1077|46|159|14|16|0|0
charid=1078|160|157|20|15|0|0
charid=1079|147|157|12|16|0|0
charid=1080|151|174|13|15|0|0
charid=1081|148|115|13|21|0|0
charid=1082|219|170|11|15|0|0
charid=1083|240|152|15|15|0|0
charid=1084|18|176|16|15|0|0
charid=1085|193|173|12|15|0|0
charid=1086|0|159|15|16|0|0
charid=1087|206|170|12|15|0|0
charid=1088|105|115|14|21|0|0
charid=1089|91|158|13|16|0|0
charid=1090|165|173|13|15|0|0
charid=1091|90|137|14|20|0|0
charid=1092|56|0|22|26|0|0
charid=1093|35|176|14|15|0|0
charid=1094|168|137|14|19|0|0
charid=1095|95|175|13|15|0|0
charid=1096|202|154|19|15|0|0
charid=1097|129|137|21|19|0|0
charid=1098|222|153|17|15|0|0
charid=1099|0|176|17|15|0|0
charid=1100|137|174|13|15|0|0
charid=1101|76|159|14|16|0|0
charid=1102|210|136|19|16|0|0
charid=1103|179|173|13|15|0|0
/////////////////////////////////////////////